287.4095	326.7946
288.6812	333.7755
288.8844	326.0869
289.2522	324.658
289.4751	313.51
289.5443	311.4146
289.5658	311.16
290.0318	310.0562
290.7838	313.2115
291.1051	309.1691
299.4739	356.1998
299.5467	299.4928
299.6014	337.4302
299.8321	317.8516
300.0379	324.0303
300.0818	348.4173
300.1799	318.5561
301.0896	337.6334
301.2658	296.6937
301.2945	312.0304
301.3305	349.9888
301.7915	345.08
301.8755	321.6002
301.9278	359.7213
301.9368	310.3422
301.9698	313.4465
302.5344	311.3175
302.5436	296.0334
302.8588	360.4817
303.9656	313.547
304.0195	362.3228
304.0857	296.3704
304.09	344.5124
304.0926	308.3839
304.2352	298.0637
304.6815	341.0858
304.6817	287.967
305.1426	355.9062
305.251	310.8887
306.3322	340.4075
306.3409	302.8634
306.3497	348.0043
306.6878	342.1806
306.7815	305.7966
306.7972	358.7114
307.6683	307.3524
307.7442	286.4826
307.7761	346.9329
308.0634	289.9396
309.3743	295.6503
309.6295	347.0523
309.7693	359.9757
310.2285	362.3279
310.7424	352.2159
311.1813	352.9912
311.2519	349.3783
311.7093	288.5325
312.0383	365.0722
312.7621	286.0991
312.8525	286.8945
314.0975	350.3792
314.1167	286.455
314.2636	282.0855
314.3566	361.5647
315.1322	351.6513
315.4215	288.8111
315.6043	369.0956
315.9412	352.7974
316.4139	355.072
317.6669	288.2036
318.5122	295.8089
319.1645	279.9449
319.3212	369.853
319.7163	360.8758
319.9053	366.7212
320.421	368.493
320.542	283.8389
320.7249	364.5003
321.2039	288.3662
321.4287	371.1367
322.2795	362.2826
322.968	285.0947
323.2863	280.3177
323.5497	361.3602
323.609	289.229
324.1306	369.6907
324.3766	292.014
324.8792	292.2314
325.1105	226.4006
325.4716	311.2612
325.5368	226.5532
325.8208	279.844
325.8215	310.7243
326.2158	230.8696
326.2183	277.3696
326.278	369.7687
326.5598	226.7873
326.6204	281.6779
326.6213	360.0871
326.626	240.6293
327.915	231.3873
328.214	314.302
328.7563	240.5577
328.9198	365.6659
328.9443	361.5117
329.0546	372.8745
329.2104	322.0476
329.326	366.0632
329.6417	318.0257
329.6523	239.1484
329.9223	309.3965
330.0827	283.3149
330.136	240.8284
331.1968	314.812
331.8425	290.3879
331.8536	286.3793
331.9987	283.5396
332.0164	228.8634
332.2888	372.5383
335.6136	367.0878
335.6944	361.3753
336.1905	282.3641
336.2319	312.4956
336.6573	283.354
337.4376	308.4274
337.5676	241.9102
337.5909	322.9823
337.6836	234.7523
337.8187	240.0344
337.9943	234.2468
338.0123	313.2399
338.2718	242.388
338.3633	314.6392
338.5057	231.2647
338.8907	243.5986
338.9687	322.3308
341.6143	314.8348
341.8968	228.736
342.1181	237.2072
344.3436	316.2705
344.6735	314.8588
344.7557	304.1895
344.8819	231.0582
344.9692	320.8022
345.2528	231.7096
345.7934	238.7964
346.0891	317.1863
346.6387	232.5325
347.2532	319.4854
347.3195	316.6156
347.8047	243.5914
348.579	249.5003
349.5196	236.478
350.0376	315.2192
350.4847	235.5426
350.622	246.6194
350.7015	303.66
350.7568	301.4674
351.4064	307.4552
351.7695	298.117
351.7708	253.7142
351.9953	295.9377
352.361	241.4014
352.8004	308.7457
352.8101	248.3301
354.4808	242.8416
354.6356	297.7598
355.3368	310.5253
356.1552	308.7878
356.5683	302.2708
356.9968	255.8079
357.0223	251.425
357.175	302.728
357.259	252.409
357.5445	260.8469
357.596	249.9798
357.709	285.0124
357.7775	305.2079
358.2685	267.3167
358.4169	242.7016
358.871	287.9031
359.1187	288.2884
359.1979	299.6605
359.2219	282.5305
359.3917	240.1192
359.4683	309.5721
359.5649	252.0989
359.7751	243.1477
359.9955	296.9957
360.0143	253.0355
360.0161	247.6169
360.1798	247.2203
360.2333	266.7811
360.3965	280.6149
360.9704	278.397
361.6266	270.9788
361.6828	301.6663
361.8196	297.5166
361.8858	243.5487
362.49	285.2909
362.6513	277.7965
363.686	259.2815
363.9036	278.2383
364.0234	304.2249
364.0477	268.1542
364.2957	271.5898
364.4443	284.7331
364.6104	277.2257
365.0619	251.9849
365.4916	256.8871
365.7699	290.8542
365.8962	278.9017
366.0527	259.0176
366.2766	253.942
366.7866	280.4337
366.7871	278.599
367.1159	297.1786
367.4041	265.3453
367.5624	270.8423
367.8302	273.3822
368.1829	268.8447
368.8317	268.6589
369.1057	273.6752
369.1693	281.7263
370.3369	276.8665
370.4847	282.68
370.6095	265.8955
370.8415	263.9816
371.6566	277.8497
372.5444	284.7283
373.5867	274.4506
373.7731	283.4354
284	263
236	319
300	393
357	355
347	264
295	240
335	200
386	99
268	136
200	218
338	413
390	341
428	239
188	176
183	169
173	155
170	152
165	145
150	138
155	142
157	146
163	153
167	157
172	163
176	168
183	175
184	177
184	175
179	166
172	157
168	152
165	149
162	145
159	142
157	139
149	131
143	123
140	118
134	111
134	110
139	118
167	162
164	159
160	154
134	211
129	209
127	218
129	222
137	223
138	218
134	216
130	204
119	207
120	214
120	224
129	232
129	241
122	247
122	241
125	234
126	229
119	222
118	214
120	204
124	201
129	203
135	234
129	246
128	256
125	268
121	260
121	249
125	240
139	235
136	245
145	313
76	309
88	163
127	159
103	362
203	383
153	399
232	352
195	279
255	176
256	206
338	143
396	165
450	149
223	103
54	245
171	351
243	400
156	104
232	209
146	134
139	127
136	122
132	119
131	114
136	115
139	120
143	125
152	132
153	132
153	140
156	144
162	152
169	161
174	165
178	169
178	172
296	327
302	332
300	344
297	319
299	309
296	334
297	341
297	347
243	279
146	131
143	133
158	150
179	172
187	178
159	109
162	114
166	119
170	125
176	131
181	135
174	128
168	123
184	140
186	145
187	150
192	150
194	146
194	142
192	99
135	267
135	262
140	253
146	239
146	226
142	214
116	252
112	244
118	244
114	257
118	264
109	248